Elevation [m],N [kN],V [kN],M [kNm]
14.8,-20655.00000000093,665.8451764900237,8894.993901009206
14.6,-20655.00000000093,665.8451764900237,8761.8248657112
14.6,-20654.99999999907,667.7019321266562,8761.802496632561
14.4,-20654.99999999907,667.7019321266562,8628.26211020723
14.4,-20654.999999998137,669.5303838700056,8628.239679313032
14.2,-20654.999999998137,669.5303838700056,8494.33360253903
14.2,-20655.0,671.3304542042315,8494.311110779876
14.0,-20655.0,671.3304542042315,8360.04501993903
14.0,-20654.999999997206,673.102066827938,8360.022468268173
13.8,-20654.999999997206,673.102066827938,8225.402054902586
13.8,-20654.999999998137,674.8451466485858,8225.379444274819
13.6,-20654.999999998137,674.8451466485858,8090.4104149451005
13.6,-20654.999999998137,676.5596197675914,8090.38774632127
13.4,-20654.999999998137,676.5596197675914,7955.075822367752
13.4,-20654.999999996275,678.2454135157168,7955.053096707212
13.2,-20654.999999996275,678.2454135157168,7819.404014004068
13.2,-20654.999999998137,679.902456432581,7819.38123227004
13.0,-20654.999999998137,679.902456432581,7683.400740983524
13.0,-20654.999999998137,681.5306782759726,7683.377904141322
12.8,-20654.999999998137,681.5306782759726,7547.071768486127
12.8,-20654.999999994412,683.1300100255758,7547.048877506051
12.6,-20654.999999994412,683.1300100255758,7410.422875500935
12.6,-20654.999999998137,684.700383875519,7410.399931350956
12.4,-20654.999999998137,684.700383875519,7273.459854575853
12.4,-20654.999999998137,686.2417332734913,7273.436858229339
12.2,-20654.999999998137,686.2417332734913,7136.18851157464
12.2,-20654.999999997206,687.75399287045,7136.165464006364
12.0,-20654.999999997206,687.75399287045,6998.614665432275
12.0,-20654.999999994412,689.2370985653251,6998.5915676199365
11.8,-20654.999999994412,689.2370985653251,6860.744147906872
11.8,-20654.999999994412,690.6909874808043,6860.72100082878
11.6,-20654.999999994412,690.6909874808043,6722.582803332619
11.6,-20654.999999996275,692.115598000586,6722.559607970528
11.4,-20654.999999996275,692.115598000586,6584.136488370412
11.4,-20654.999999995343,693.5108697414398,6584.113245707471
11.2,-20654.999999995343,693.5108697414398,6445.411071759182
11.2,-20654.999999995343,694.8767435308546,6445.387782780686
11.0,-20654.999999995343,694.8767435308546,6306.412434074516
11.0,-20654.999999997206,696.2131614908576,6306.3890997662675
10.8,-20654.999999997206,696.2131614908576,6167.1464674680965
10.8,-20655.000000001863,697.5200669653714,6167.123088820837
10.6,-20655.000000001863,697.5200669653714,6027.619075427762
10.6,-20654.999999998137,698.7974045518786,6027.595653432189
10.4,-20654.999999998137,698.7974045518786,5887.836172521814
10.4,-20655.000000003725,700.04512010701,5887.812708170852
10.2,-20655.000000003725,700.04512010701,5747.803684149449
10.2,-20655.000000001863,701.2631607335061,5747.780178437941
10.0,-20655.000000001863,701.2631607335061,5607.5275462912405
10.0,-20655.000000005588,702.4514748007059,5607.504000215093
9.8,-20655.000000005588,702.4514748007059,5467.013705254952
9.8,-20655.000000005588,703.6100119482726,5466.990119811846
9.6,-20655.000000005588,703.6100119482726,5326.268117422191
9.6,-20655.000000004657,704.7387230489403,5326.24449361302
9.4,-20655.000000004657,704.7387230489403,5185.296749003232
9.4,-20655.000000005588,705.8375602699816,5185.273087829119
9.2,-20655.000000005588,705.8375602699816,5044.105575775122
9.2,-20655.000000005588,706.9064770247787,5044.08187823859
9.0,-20655.000000005588,706.9064770247787,4902.700582833635
9.0,-20655.000000005588,707.9454280007631,4902.676849939162
8.8,-20655.000000005588,707.9454280007631,4761.0877643390095
8.8,-20655.000000005588,708.9543691556901,4761.06399709289
8.6,-20655.000000005588,708.9543691556901,4619.273123261751
8.6,-20655.000000004657,709.933257734403,4619.249322671909
8.4,-20655.000000004657,709.933257734403,4477.262671125029
8.4,-20655.000000005588,710.8820522259921,4477.238838199526
8.2,-20655.000000005588,710.8820522259921,4335.062427754327
8.2,-20655.000000009313,711.8007124233991,4335.038563504815
8.0,-20655.000000009313,711.8007124233991,4192.678421020136
8.0,-20655.000000004657,712.6891993656754,4192.654526456492
7.8,-20655.000000004657,712.6891993656754,4050.1166865833566
7.8,-20655.000000005588,713.5474754087627,4050.092762719607
7.6,-20655.000000005588,713.5474754087627,3907.3832676378543
7.6,-20655.000000003725,714.3755041640252,3907.3593154882547
7.4,-20655.000000003725,714.3755041640252,3764.48421465545
7.4,-20655.000000001863,715.1732505336404,3764.460235234117
7.2,-20655.000000001863,715.1732505336404,3621.425585127389
7.2,-20655.000000002794,715.9406806863844,3621.40157945198
7.0,-20655.000000002794,715.9406806863844,3478.213443314703
7.0,-20655.000000002794,716.6777621069923,3478.189412402222
6.8,-20655.000000002794,716.6777621069923,3334.8538599808235
6.8,-20655.000000002794,717.384463544935,3334.8298048502766
6.6,-20655.000000002794,717.384463544935,3191.3529121412894
6.6,-20654.999999998137,718.0607550516725,3191.328833812382
6.4,-20654.999999998137,718.0607550516725,3047.716682802048
6.4,-20654.99999999348,718.706607952714,3047.692582295276
6.2,-20654.99999999348,718.706607952714,2903.951260704733
6.2,-20654.99999999348,719.3219948634505,2903.9271390420618
6.0,-20654.99999999348,719.3219948634505,2760.0627400693716
6.0,-20654.99999999348,719.90688970685,2760.038598272484
5.8,-20654.99999999348,719.90688970685,2616.0572203311135
5.8,-20654.99999999348,720.461267683655,2616.0330594246043
5.6,-20654.99999999348,720.461267683655,2471.940805887873
5.6,-20654.99999999255,720.9851052965969,2471.91662689473
5.4,-20654.99999999255,720.9851052965969,2327.719605835411
5.4,-20654.999999991618,721.4783803401515,2327.6954097815324
5.2,-20654.999999991618,721.4783803401515,2183.399733713502
5.2,-20654.999999991618,721.9410719051957,2183.3755216241116
5.0,-20654.999999991618,721.9410719051957,2038.9873072430723
5.0,-20654.999999991618,722.3731603734195,2038.9630801442545
4.8,-20654.999999991618,722.3731603734195,1894.4884480695705
4.8,-20654.99999999255,722.7746274368837,1894.4642069884576
4.6,-20654.99999999255,722.7746274368837,1749.9092815010806
4.6,-20654.99999998696,723.1454560700804,1749.8850274654105
4.4,-20654.99999998696,723.1454560700804,1605.255936251395
4.4,-20654.99999998603,723.4856305522844,1605.2316702893004
4.2,-20654.99999998603,723.4856305522844,1460.5345441788434
4.2,-20654.999999988824,723.7951364703476,1460.510267318692
4.0,-20654.999999988824,723.7951364703476,1315.7512400246223
4.0,-20654.999999987893,724.073960704729,1315.726953295758
3.8,-20654.999999987893,724.073960704729,1170.912161154812
3.8,-20654.999999990687,724.3220914294943,1170.8878655867884
3.6,-20654.999999990687,724.3220914294943,1026.0234473008898
3.6,-20654.99999998696,724.5395181365311,1025.9991439237492
3.4,-20654.99999998696,724.5395181365311,881.0912402964428
3.4,-20654.999999984168,724.72623159457,881.0669301402522
3.2,-20654.999999984168,724.72623159457,736.1216838213384
3.2,-20654.999999983236,724.8822238976136,736.0973679166054
3.0,-20654.999999983236,724.8822238976136,591.1209231370826
3.0,-20654.999999980442,725.0074884323403,591.0966025141533
2.8,-20654.999999980442,725.0074884323403,446.0951048276852
2.8,-20654.999999980442,725.1020198902115,446.07078051846474
2.6,-20654.999999980442,725.1020198902115,301.05037654042263
2.6,-20654.999999983236,725.1658142600209,301.02604957518633
2.4,-20654.999999983236,725.1658142600209,155.99288672318204
2.4,-20654.999999984168,725.1988688390702,155.96855813323054
2.2,-20654.999999984168,725.1988688390702,10.928784365416703
2.2,-20654.99999998696,725.2011822294444,10.904455181909725
2.0,-20654.99999998696,725.2011822294444,-134.13578126397928
2.0,-20654.999999988824,725.1727543314919,-134.1601100093685
1.8,-20654.999999988824,725.1727543314919,-279.19466087566684
1.8,-20654.999999987893,725.1135863503441,-279.2189881511731
1.6,-20654.999999987893,725.1135863503441,-424.24170542124193
1.6,-20654.999999991618,725.0236807912588,-424.2660301964497
1.4,-20654.999999991618,725.0236807912588,-569.2707663547017
1.4,-20654.999999998137,724.9030414652079,-569.2950875981478
1.2,-20654.999999998137,724.9030414652079,-714.2756958911893
1.2,-20654.999999997206,724.7516734879464,-714.3000125715043
1.0,-20654.999999997206,724.7516734879464,-859.2503472690936
1.0,-20654.999999996275,724.569583277218,-859.2746583565604
0.8,-20654.999999996275,724.569583277218,-1004.188575012004
0.8,-20654.999999995343,724.3567785508931,-1004.2128794752061
0.6,-20654.999999995343,724.3567785508931,-1149.0842351853848
0.6,-20654.999999994412,724.1132683288306,-1149.1085319942795
0.4,-20654.999999994412,724.1132683288306,-1293.9311856600457
0.4,-20654.99999999907,723.8390629375353,-1293.9554737844737
0.2,-20654.99999999907,723.8390629375353,-1438.7232863719807
0.2,-20654.999999998137,723.5341739896685,-1438.7475647826213
0.0,-20654.999999998137,723.5341739896685,-1583.454399580555
0.0,-20655.000000002794,723.176974770613,-1583.4793998148525
-0.2,-20655.000000002794,723.176974770613,-1728.1147947689751
-0.2,-20654.999999998137,722.7623745896854,-1728.1391511438414
-0.4,-20654.999999998137,722.7623745896854,-1872.6916260617786
-0.4,-20655.0,722.3088854430243,-1872.7159844022244
-0.6,-20655.0,722.3088854430243,-2017.1777614908292
-0.6,-20655.000000002794,721.81523936335,-2017.2021220548777
-0.8,-20655.000000002794,721.81523936335,-2161.5651699275477
-0.8,-20655.000000003725,721.2802204764448,-2161.5895241708495
-1.0,-20655.000000003725,721.2802204764448,-2305.8455682661383
-1.0,-20655.000000004657,720.7028060536832,-2305.869922904414
-1.2,-20655.000000004657,720.7028060536832,-2450.0104841151506
-1.2,-20655.00000000093,720.0817133612,-2450.034835674567
-1.4,-20655.00000000093,720.0817133612,-2594.0511783468073
-1.4,-20655.0,719.4157494758256,-2594.0755243944004
-1.6,-20655.0,719.4157494758256,-2737.958674289566
-1.6,-20655.000000001863,718.7036831490695,-2737.983013736317
-1.8,-20655.000000001863,718.7036831490695,-2881.723750366131
-1.8,-20655.000000001863,717.9443050809205,-2881.748081231839
-2.0,-20655.000000001863,717.9443050809205,-3025.336942248023
-2.0,-20655.000000001863,717.1365149216726,-3025.3612619817723
-2.2,-20655.000000001863,717.1365149216726,-3168.788564966107
-2.2,-20655.000000003725,716.2792617068626,-3168.8128686534474
-2.4,-20655.000000003725,716.2792617068626,-3312.0687209948196
-2.4,-20655.000000003725,715.3715562801808,-3312.0930143083096
-2.6,-20655.000000003725,715.3715562801808,-3455.167325564346
-2.6,-20655.000000003725,714.4114933153614,-3455.191620455298
-2.8,-20655.000000003725,714.4114933153614,-3598.07391911837
-2.8,-20655.000000002794,713.3990028095432,-3598.0981595443445
-3.0,-20655.000000002794,713.3990028095432,-3740.7779601062534
-3.0,-20655.000000002794,712.333158926107,-3740.802219833131
-3.2,-20655.000000002794,712.333158926107,-3883.2688516183525
-3.2,-20655.000000001863,711.2080350709148,-3883.2931430520257
-3.4,-20655.000000001863,711.2080350709148,-4025.5347500662083
-3.4,-20655.00000000093,710.0211473722011,-4025.5590201310115
-3.6,-20655.00000000093,710.0211473722011,-4167.563249605452
-3.6,-20655.0,708.7713293870911,-4167.587493914529
-3.8,-20655.0,708.7713293870911,-4309.341759791947
-3.8,-20654.99999999907,707.4575927557889,-4309.365973612759
-4.0,-20654.99999999907,707.4575927557889,-4450.857492163917
-4.0,-20654.99999999907,706.0791892698035,-4450.881669880531
-4.2,-20654.99999999907,706.0791892698035,-4592.097507734492
-4.2,-20655.0,704.6356320041232,-4592.121643768041
-4.4,-20655.0,704.6356320041232,-4733.048770168866
-4.4,-20654.999999998137,703.1266726932954,-4733.072858833999
-4.6,-20654.999999998137,703.1266726932954,-4873.698193372657
-4.6,-20654.999999998137,701.5523737515323,-4873.722228347033
-4.8,-20654.999999998137,701.5523737515323,-5014.032703097339
-4.8,-20654.999999998137,699.913087438792,-5014.0566784892
-5.0,-20654.999999998137,699.913087438792,-5154.039295976959
-5.0,-20654.999999998137,672.4143149191514,-5154.9210886090295
-5.2,-20654.999999998137,672.4143149191514,-5289.40395159286
-5.2,-20654.999999998137,619.4839133278001,-5289.421211607463
-5.4,-20654.999999998137,619.4839133278001,-5413.317994273023
-5.4,-20654.999999996275,566.5902478839271,-5413.338445769914
-5.6,-20654.999999996275,566.5902478839271,-5526.656495346699
-5.6,-20654.999999997206,513.7124522498343,-5526.672065970837
-5.8,-20654.999999997206,513.7124522498343,-5629.414556420804
-5.8,-20654.999999995343,461.20372563716955,-5629.423142740794
-6.0,-20654.999999995343,461.20372563716955,-5721.663887868228
-6.0,-20654.999999996275,389.04850034974515,-5722.348656437593
-6.2,-20654.999999996275,389.04850034974515,-5800.158356507542
-6.2,-20654.999999997206,296.2883803892182,-5800.17522338024
-6.4,-20654.999999997206,296.2883803892182,-5859.432899458084
-6.4,-20654.999999996275,203.59356070368085,-5859.433933564869
-6.6,-20654.999999996275,203.59356070368085,-5900.152645705605
-6.6,-20654.999999995343,111.89187149726786,-5900.138738135167
-6.8,-20654.999999995343,111.89187149726786,-5922.517112434621
-6.8,-20654.999999995343,22.032718328293413,-5922.489499829302
-7.0,-20654.999999995343,22.032718328293413,-5926.89604349496
-7.0,-20654.999999995343,-65.23172767634969,-5926.8561827009835
-7.2,-20654.999999995343,-65.23172767634969,-5913.809837165713
-7.2,-20654.999999996275,-149.25703754124697,-5913.75928893438
-7.4,-20654.999999996275,-149.25703754124697,-5883.90788142613
-7.4,-20654.999999995343,-229.508472474874,-5883.848205064307
-7.6,-20654.999999995343,-229.508472474874,-5837.9465105693325
-7.6,-20654.99999999348,-305.5569486945169,-5837.879203524411
-7.8,-20654.99999999348,-305.5569486945169,-5776.767813785508
-7.8,-20654.999999994412,-377.072012960969,-5776.694277980569
-8.0,-20654.999999994412,-377.072012960969,-5701.279875388374
-8.0,-20654.99999999348,-443.8126641068957,-5701.201384199783
-8.2,-20654.99999999348,-443.8126641068957,-5612.438851378404
-8.2,-20654.99999999348,-505.61647558026016,-5612.356544305192
-8.4,-20654.99999999348,-505.61647558026016,-5511.233249189139
-8.4,-20654.999999990687,-562.3895313969697,-5511.1481351104885
-8.6,-20654.999999990687,-562.3895313969697,-5398.670228831095
-8.6,-20654.99999998696,-614.0963637399254,-5398.583193535145
-8.8,-20654.99999998696,-614.0963637399254,-5275.76392078716
-8.8,-20654.999999984168,-660.7513116174086,-5275.675740391132
-9.0,-20654.999999984168,-660.7513116174086,-5143.525478067651
-9.0,-20654.999999983236,-702.4105282262317,-5143.436827075202
-9.2,-20654.999999983236,-702.4105282262317,-5002.954721429956
-9.2,-20654.999999983702,-739.1650100726984,-5002.866186509826
-9.4,-20654.999999983702,-739.1650100726984,-4855.033184495285
-9.4,-20654.999999983702,-771.1346481497458,-4854.945274610334
-9.6,-20654.999999983702,-771.1346481497458,-4700.718344980386
-9.6,-20654.99999998184,-798.46305575117,-4700.631502551842
-9.8,-20654.99999998184,-798.46305575117,-4540.938891401606
-9.8,-20654.999999983702,-821.3133357988263,-4540.853501551173
-10.0,-20654.999999983702,-821.3133357988263,-4376.590834391409
-10.0,-20654.999999983236,-839.8644765769714,-4376.507233966229
-10.2,-20654.999999983236,-839.8644765769714,-4208.534338650836
-10.2,-20654.999999983702,-854.3083437759487,-4208.452816825942
-10.4,-20654.999999983702,-854.3083437759487,-4037.5911480707514
-10.4,-20654.999999983236,-864.8465314007117,-4037.511949847343
-10.6,-20654.999999983236,-864.8465314007117,-3864.5426435672016
-10.6,-20654.999999984633,-871.6879625626643,-3864.4659787530763
-10.8,-20654.999999984633,-871.6879625626643,-3690.1283862405426
-10.8,-20654.999999985565,-875.0468911045464,-3690.0544326923336
-11.0,-20654.999999985565,-875.0468911045464,-3515.045054471425
-11.0,-20654.9999999851,-875.1411327616061,-3514.9739606048643
-11.2,-20654.9999999851,-875.1411327616061,-3339.9457340525437
-11.2,-20654.999999984168,-872.1904854709865,-3339.8776213096426
-11.4,-20654.999999984168,-872.1904854709865,-3165.439524215444
-11.4,-20654.999999983702,-866.4153362868165,-3165.3744891719216
-11.6,-20654.999999983702,-866.4153362868165,-2992.091421914559
-11.6,-20654.999999983702,-858.0353876285008,-2992.0295374576817
-11.8,-20654.999999983702,-858.0353876285008,-2820.4224599319805
-11.8,-20654.99999998277,-847.2684894846025,-2820.36377738987
-12.0,-20654.99999998277,-847.2684894846025,-2650.91007949295
-12.0,-20654.99999998184,-833.0492444564516,-2650.8113998416884
-12.2,-20654.99999998184,-833.0492444564516,-2484.2015509503985
-12.2,-20654.999999982305,-815.3513279381586,-2484.1449905520967
-12.4,-20654.999999982305,-815.3513279381586,-2321.074724964464
-12.4,-20654.999999983236,-795.5862762484467,-2321.021982149169
-12.6,-20654.999999983236,-795.5862762484467,-2161.9047268994805
-12.6,-20654.99999998277,-773.9906232420035,-2161.8557741253217
-12.8,-20654.99999998277,-773.9906232420035,-2007.0576494769202
-12.8,-20654.999999983702,-750.7935506349459,-2007.0124409597965
-13.0,-20654.999999983702,-750.7935506349459,-1856.853730832808
-13.0,-20654.9999999851,-726.2161967450229,-1856.8122053597508
-13.2,-20654.9999999851,-726.2161967450229,-1711.5689660107469
-13.2,-20654.99999998603,-700.4711213657429,-1711.531048351745
-13.4,-20654.99999998603,-700.4711213657429,-1571.4368240785957
-13.4,-20654.999999985565,-673.7618011154555,-1571.402425756426
-13.6,-20654.999999985565,-673.7618011154555,-1436.6500655333355
-13.6,-20654.9999999851,-646.282196380329,-1436.619086229579
-13.8,-20654.9999999851,-646.282196380329,-1307.3626469535125
-13.8,-20654.999999985565,-618.2163954478165,-1307.334975832934
-14.0,-20654.999999985565,-618.2163954478165,-1183.6916967433713
-14.0,-20654.9999999851,-589.7383403791173,-1183.6672140538558
-14.2,-20654.9999999851,-589.7383403791173,-1065.7195459780328
-14.2,-20654.99999998603,-561.0116740764934,-1065.6981254754082
-14.4,-20654.99999998603,-561.0116740764934,-953.4957906601089
-14.4,-20654.999999985565,-532.1896696004114,-953.4772980001035
-14.6,-20654.999999985565,-532.1896696004114,-847.0393640800215
-14.6,-20654.99999998603,-503.4149449452234,-847.0236582252292
-14.8,-20654.99999998603,-503.4149449452234,-746.3406692361839
-14.8,-20654.999999987893,-474.81956819762127,-746.327607706131
-15.0,-20654.999999987893,-474.81956819762127,-651.3636940666071
-15.0,-20654.999999987427,-446.52524255073513,-651.3531302609517
-15.2,-20654.999999987427,-446.52524255073513,-562.0480817508051
-15.2,-20654.999999987893,-418.64319774931937,-562.0398648548489
-15.4,-20654.999999987893,-418.64319774931937,-478.3112253049846
-15.4,-20654.999999987893,-391.27437939970696,-478.3052060651753
-15.6,-20654.999999987893,-391.27437939970696,-400.0503301852342
-15.6,-20654.99999998836,-364.5098258249054,-400.04635794917704
-15.8,-20654.99999998836,-364.5098258249054,-327.1443927841956
-15.8,-20654.999999989755,-338.43063456185337,-327.1423155223856
-16.0,-20654.999999989755,-338.43063456185337,-259.4561886100152
-16.0,-20654.999999990687,-313.1083459328511,-259.4558587051579
-16.2,-20654.999999990687,-313.1083459328511,-196.8341895185879
-16.2,-20654.99999998929,-288.60537667098833,-196.83545948446954
-16.4,-20654.99999998929,-288.60537667098833,-139.1143841502721
-16.4,-20654.99999998836,-264.97507540996594,-139.1171079716587
-16.6,-20654.99999998836,-264.97507540996594,-86.12209288966476
-16.6,-20654.999999987893,-242.2622387894953,-86.12613033794514
-16.8,-20654.999999987893,-242.2622387894953,-37.673682580046254
-16.8,-20654.999999987427,-220.50352733668842,-37.678895294027825
-17.0,-20654.999999987427,-220.50352733668842,6.4218101733097015
-17.0,-20654.999999986496,-199.72766492173832,6.415557037073086
-17.2,-20654.999999986496,-199.72766492173832,46.36109002142061
-17.2,-20654.99999998836,-179.9559579092529,46.353924761204325
-17.4,-20654.99999998836,-179.9559579092529,82.34511634305477
-17.4,-20654.999999985565,-161.2027470118701,82.33716387495406
-17.6,-20654.999999985565,-161.2027470118701,114.57771327732854
-17.6,-20654.999999987427,-143.47565056879102,114.56909421958335
-17.8,-20654.999999987427,-143.47565056879102,143.26422433334145
-17.8,-20654.99999998696,-126.77605683626462,143.25505235931269
-18.0,-20654.99999998696,-126.77605683626462,168.6102637265655
-18.0,-20654.999999987427,-109.7996266846094,168.64365646752594
-18.2,-20654.999999987427,-109.7996266846094,190.60358180444774
-18.2,-20654.99999998836,-92.65677735145437,190.5912776345922
-18.4,-20654.99999998836,-92.65677735145437,209.122633104883
-18.4,-20654.999999987427,-76.68071706104456,209.1100583385214
-18.6,-20654.999999987427,-76.68071706104456,224.44620175073055
-18.6,-20654.999999987893,-61.84769586490438,224.43346122331423
-18.8,-20654.999999987893,-61.84769586490438,236.80300039629506
-18.8,-20654.99999998696,-48.1292986276967,236.79018994406852
-19.0,-20654.99999998696,-48.1292986276967,246.41604966960782
-19.0,-20654.99999998929,-35.49301562193068,246.4032569673882
-19.2,-20654.99999998929,-35.49301562193068,253.5018600917743
-19.2,-20654.999999987427,-23.902745371105993,253.48916555576488
-19.4,-20654.999999987427,-23.902745371105993,258.2697146299861
-19.4,-20654.999999987427,-13.319241580789821,258.2571910502684
-19.6,-20654.999999987427,-13.319241580789821,260.9210393664264
-19.6,-20654.999999988824,-3.7006196622533025,260.9087516126565
-19.8,-20654.999999988824,-3.7006196622533025,261.64887554510716
-19.8,-20654.99999998929,4.9971814447126235,261.6368811640332
-20.0,-20654.99999998929,4.9971814447126235,260.63744487509064
-20.0,-20654.999999988824,12.819964031617928,260.6257941663198
-20.2,-20654.999999988824,12.819964031617928,258.0618013599962
-20.2,-20654.99999998929,19.81485396435164,258.05053792209947
-20.4,-20654.99999998929,19.81485396435164,254.08756712922914
-20.4,-20654.99999998929,26.029938319434223,254.07672821068445
-20.6,-20654.99999998929,26.029938319434223,248.87074054679752
-20.6,-20654.999999989755,31.51390502332106,248.86035704604365
-20.8,-20654.999999989755,31.51390502332106,242.55757604137946
-20.8,-20654.999999988824,36.31569896806104,242.54767283194815
-21.0,-20654.999999988824,36.31569896806104,235.28453303833595
-21.0,-20654.99999998929,40.48420610804533,235.27512933405933
-21.2,-20654.99999998929,40.48420610804533,227.1782881124503
-21.2,-20654.99999998929,44.067962592092954,227.1693977619102
-21.4,-20654.99999998929,44.067962592092954,218.35580524349166
-21.4,-20654.99999998929,47.114884265947694,218.34743703830918
-21.6,-20654.99999998929,47.114884265947694,208.9244601851195
-21.6,-20654.999999987893,49.67201913628787,208.91661816450915
-21.8,-20654.999999987893,49.67201913628787,198.9822143372516
-21.8,-20654.99999998603,51.785318884343724,198.97489807517377
-22.0,-20654.99999998603,51.785318884343724,188.61783429830507
-22.0,-20654.99999998696,53.49942977459932,188.6110391860775
-22.2,-20654.99999998696,53.49942977459932,177.91115323115767
-22.2,-20654.9999999851,54.85750080256935,177.90487075574924
-22.4,-20654.9999999851,54.85750080256935,166.9333705952354
-22.4,-20654.9999999851,55.90100921626845,166.92758860852746
-22.6,-20654.9999999851,55.90100921626845,155.7473867652736
-22.6,-20654.999999985565,56.669601025292536,155.74208973130044
-22.8,-20654.999999985565,56.669601025292536,144.40816952624198
-22.8,-20654.9999999851,57.20094524718479,144.40333876081547
-23.0,-20654.9999999851,57.20094524718479,132.96314971137855
-23.0,-20654.99999998603,57.530600769211674,132.95876360845432
-23.2,-20654.99999998603,57.530600769211674,121.45264345461203
-23.2,-20654.9999999851,57.69189429891179,121.44867769521568
-23.4,-20654.9999999851,57.69189429891179,109.91029883543337
-23.4,-20654.999999985565,57.7158078675385,109.90672658295404
-23.6,-20654.999999985565,57.7158078675385,98.36356500944618
-23.6,-20654.999999985565,57.630874579593154,98.36035708903177
-23.8,-20654.999999985565,57.630874579593154,86.83418217311318
-23.8,-20654.999999985565,57.463081119434435,86.83130723611845
-24.0,-20654.999999985565,57.463081119434435,75.3386910122316
-24.0,-20654.999999985565,55.31557273722598,75.27133420456781
-24.2,-20654.999999985565,55.31557273722598,64.20821965712265
-24.2,-20654.999999985565,50.90364471714503,64.20021132417506
-24.4,-20654.999999985565,50.90364471714503,54.01948238074609
-24.4,-20654.99999998603,46.1749559326077,54.01462635918348
-24.6,-20654.99999998603,46.1749559326077,44.77963517266181
-24.6,-20654.999999987893,41.32779450510168,44.77732539308017
-24.8,-20654.999999987893,41.32779450510168,36.51176649205986
-24.8,-20654.99999998696,36.5173890083808,36.511470916404775
-25.0,-20654.99999998696,36.5173890083808,29.20799311472864
-25.0,-20654.999999987427,31.861845737570604,29.20925055119021
-25.2,-20654.999999987427,31.861845737570604,22.83688140367611
-25.2,-20654.99999998696,27.447684217025994,22.839297197684665
-25.4,-20654.99999998696,27.447684217025994,17.349760354279486
-25.4,-20654.999999987893,23.334918753973227,17.353001331165586
-25.6,-20654.999999987893,23.334918753973227,12.686017580370875
-25.6,-20654.99999998696,19.561657990991648,12.689806547477062
-25.8,-20654.99999998696,19.561657990991648,8.777474949278746
-25.8,-20654.999999987427,16.148213668759922,8.781585005170768
-26.0,-20654.999999987427,16.148213668759922,5.551942271418795
-26.0,-20654.99999998929,13.100724809520898,5.556191117149638
-26.2,-20654.99999998929,13.100724809520898,2.9360461552454673
-26.2,-20654.999999987427,10.414314865488734,2.940290557029485
-26.4,-20654.999999987427,10.414314865488734,0.8574275839317456
-26.4,-20654.99999998929,8.075807596902479,0.8615580976304216
-26.6,-20654.99999998929,8.075807596902479,-0.7536034217500971
-26.6,-20654.999999988824,6.066033056898306,-0.7496673867651822
-26.8,-20654.999999988824,6.066033056898306,-1.962873998144839
-26.8,-20654.99999998929,4.361758520740949,-1.959188725467314
-27.0,-20654.99999998929,4.361758520740949,-2.831540429615501
-27.0,-20654.99999998929,2.9372809114015013,-2.828142024638332
-27.2,-20654.99999998929,2.9372809114015013,-3.41559820691863
-27.2,-20654.99999998929,1.7657175991847112,-3.4125062979513174
-27.4,-20654.99999998929,1.7657175991847112,-3.7656498177882582
-27.4,-20654.99999998929,0.8200317003914392,-3.762870833438157
-27.6,-20654.99999998929,0.8200317003914392,-3.926877173516447
-27.6,-20654.99999998929,0.07382643495833463,-3.9244072110573995
-27.8,-20654.99999998929,0.07382643495833463,-3.9391724980490666
-27.8,-20654.999999989755,-0.49805904904218323,-3.9369998054126185
-28.0,-20654.999999989755,-0.49805904904218323,-3.8373879956041823
-28.0,-20654.999999989755,-0.919122527125495,-3.8354950951662943
-28.2,-20654.999999989755,-0.919122527125495,-3.651670589741196
-28.2,-20654.99999998929,-1.2109131645255715,-3.6500360756421557
-28.4,-20654.99999998929,-1.2109131645255715,-3.4078534427370424
-28.4,-20654.999999988824,-1.3928634488961116,-3.4064534854251853
-28.6,-20654.999999988824,-1.3928634488961116,-3.127880795645959
-28.6,-20654.999999990687,-1.482217375063117,-3.1266903879938397
-28.8,-20654.999999990687,-1.482217375063117,-2.8302469129812176
-28.8,-20654.999999990687,-1.4940365425355022,-2.8292408919561787
-29.0,-20654.999999990687,-1.4940365425355022,-2.530433583449079
-29.0,-20654.99999998929,-1.4412685848358997,-2.529587460160995
-29.2,-20654.99999998929,-1.4412685848358997,-2.241333743193816
-29.2,-20654.999999988824,-1.3348649479060075,-2.2406243723825625
-29.4,-20654.999999988824,-1.3348649479060075,-1.973651382801362
-29.4,-20654.99999998929,-1.1839374421153117,-1.9730575006211506
-29.6,-20654.99999998929,-1.1839374421153117,-1.736270012198085
-29.6,-20654.999999989523,-0.9959451878871377,-1.7357726686304353
-29.8,-20654.999999989523,-0.9959451878871377,-1.5365836310530085
-29.8,-20654.99999999022,-0.7769055452698659,-1.5361665405274012
-30.0,-20654.99999999022,-0.7769055452698659,-1.3807854314734285
-30.0,-20654.99999998999,-0.6448949848156005,-1.3842414630644466
-30.2,-20654.99999998999,-0.6448949848156005,-1.255262466101327
-30.2,-20654.999999989523,-0.6170289787378458,-1.255212277741915
-30.4,-20654.999999989523,-0.6170289787378458,-1.1318064819943463
-30.4,-20654.999999989523,-0.5872707982533818,-1.1317642099822276
-30.6,-20654.999999989523,-0.5872707982533818,-1.0143100503315496
-30.6,-20654.999999989523,-0.5561162629494909,-1.0142750909353784
-30.8,-20654.999999989523,-0.5561162629494909,-0.9030518383454806
-30.8,-20654.99999998999,-0.5240126132396306,-0.9030235972396536
-31.0,-20654.99999998999,-0.5240126132396306,-0.7982210745917279
-31.0,-20654.999999989755,-0.49136051520786594,-0.7981989708066091
-31.2,-20654.999999989755,-0.49136051520786594,-0.6999268677650362
-31.2,-20654.99999999022,-0.4585162048162239,-0.6999103369962527
-31.4,-20654.99999999022,-0.4585162048162239,-0.6082070960330083
-31.4,-20654.99999998999,-0.4257937693405971,-0.6081955937561014
-31.6,-20654.99999998999,-0.4257937693405971,-0.5230368398879808
-31.6,-20654.99999998999,-0.39346752259697837,-0.5230298435320093
-31.8,-20654.99999998999,-0.39346752259697837,-0.44433633901261393
-31.8,-20654.999999990687,-0.36177442066983545,-0.4443333498862714
-32.0,-20654.999999990687,-0.36177442066983545,-0.37197846575230453
-32.0,-20654.99999999022,-0.3309165305249273,-0.37197901073222894
-32.2,-20654.99999999022,-0.3309165305249273,-0.30579570462724254
-32.2,-20654.999999990454,-0.3010635030461728,-0.3057993370433518
-32.4,-20654.999999990454,-0.3010635030461728,-0.24558663643411854
-32.4,-20654.999999990687,-0.2723550209481047,-0.24559293691693806
-32.6,-20654.999999990687,-0.2723550209481047,-0.19112193272731634
-32.6,-20654.99999999022,-0.24490323110007495,-0.19113050962537148
-32.8,-20654.99999999022,-0.24490323110007495,-0.14214986340535754
-32.8,-20654.999999990687,-0.21879511143556485,-0.1421603528627653
-33.0,-20654.999999990687,-0.21879511143556485,-0.0984013305756517
-33.0,-20654.999999991152,-0.19409478437985328,-0.09841339645581115
-33.2,-20654.999999991152,-0.19409478437985328,-0.059594439579839946
-33.2,-20654.999999990687,-0.17084574749780046,-0.059607773104858985
-33.4,-20654.999999990687,-0.17084574749780046,-0.025438623605299623
-33.4,-20654.999999990454,-0.14907302307472392,-0.025452942778056986
-33.6,-20654.999999990454,-0.14907302307472392,0.004361661836888221
-33.6,-20654.999999989523,-0.12878520356319711,0.004346612991110277
-33.8,-20654.999999989523,-0.12878520356319711,0.03010365370374915
-33.8,-20654.99999998929,-0.10997640115898655,0.03008810592811617
-34.0,-20654.99999998929,-0.10997640115898655,0.05208338615991379
-34.0,-20654.99999999022,-0.09262809088224344,0.0520675460046327
-34.2,-20654.99999999022,-0.09262809088224344,0.07059316418108165
-34.2,-20654.99999998999,-0.07671083940032553,0.07057721509538073
-34.4,-20654.99999998999,-0.07671083940032553,0.0859193829754455
-34.4,-20654.99999998999,-0.06218592302838566,0.08590348648450208
-34.6,-20654.99999998999,-0.06218592302838566,0.09834067109017938
-34.6,-20654.999999989755,-0.049006829992134016,0.09832496798448886
-34.8,-20654.999999989755,-0.049006829992134016,0.10812633398291546
-34.8,-20654.99999999022,-0.03712065368387307,0.1081109456110112
-35.0,-20654.99999999022,-0.03712065368387307,0.11553507634778593
-35.0,-20654.99999998929,-0.0264693674807166,0.11552010589941597
-35.2,-20654.99999998929,-0.0264693674807166,0.12081397939555936
-35.2,-20654.99999998999,-0.016990995587664592,0.1207995131570141
-35.4,-20654.99999998999,-0.016990995587664592,0.12419771227454694
-35.4,-20654.99999998929,-0.008620673533171974,0.12418382098316538
-35.6,-20654.99999998929,-0.008620673533171974,0.1259079556897998
-35.6,-20654.999999989057,-0.0012916023823095202,0.12589469579053691
-35.8,-20654.999999989057,-0.0012916023823095202,0.12615301626699882
-35.8,-20654.999999987893,0.005064093849839857,0.1261404311444223
-36.0,-20654.999999987893,0.005064093849839857,0.12512761237445433
-36.0,-20654.99999998836,0.010514607570784928,0.12511573359985917
-36.2,-20654.99999998836,0.010514607570784928,0.12301281208570215
-36.2,-20654.999999988126,0.015127779048698109,0.12300166058382866
-36.4,-20654.999999988126,0.015127779048698109,0.11997610477408911
-36.4,-20654.999999987194,0.01897051243575909,0.11996569196262796
-36.6,-20654.999999987194,0.01897051243575909,0.1161715894754761
-36.6,-20654.999999987427,0.02210827441279939,0.11616191835282907
-36.8,-20654.999999987427,0.02210827441279939,0.11174026347026929
-36.8,-20654.99999998836,0.024604667486837428,0.1117313296353144
-37.0,-20654.99999998836,0.024604667486837428,0.10681039613794685
-37.0,-20654.99999998836,0.026521073847302512,0.10680218876297087
-37.2,-20654.99999998836,0.026521073847302512,0.1014979739935103
-37.2,-20654.999999988126,0.027916364224604195,0.10149047673729872
-37.4,-20654.999999988126,0.027916364224604195,0.095907203892378
-37.4,-20654.999999988126,0.028846666766358053,0.09590039574997333
-37.6,-20654.999999988126,0.028846666766358053,0.09013106239670164
-37.6,-20654.99999998836,0.029365190272891112,0.09012491848711823
-37.8,-20654.99999998836,0.029365190272891112,0.08425188043254013
-37.8,-20654.999999988126,0.02952209698428418,0.08424637272584912
-38.0,-20654.999999988126,0.02952209698428418,0.0783419533289922
-38.0,-20654.99999998836,0.02936441982534424,0.07833705131122376
-38.2,-20654.99999998836,0.02936441982534424,0.07246416734615482
-38.2,-20654.999999988126,0.028936019493695342,0.07245983862790711
-38.4,-20654.999999988126,0.028936019493695342,0.06667263472916816
-38.4,-20654.99999998836,0.02827757689652388,0.06666884559333441
-38.6,-20654.99999998836,0.02827757689652388,0.061013330214029556
-38.6,-20654.99999998836,0.027426616445157648,0.061010046106887234
-38.8,-20654.99999998836,0.027426616445157648,0.05552472281785582
-38.8,-20654.99999998836,0.026417556270734943,0.05552190879198632
-39.0,-20654.99999998836,0.026417556270734943,0.050238397537839256
-39.0,-20654.999999987194,0.025281781843391027,0.05023601863652864
-39.2,-20654.999999987194,0.025281781843391027,0.04517966226785036
-39.2,-20654.999999987194,0.02404773845788033,0.04517768386291349
-39.4,-20654.999999987194,0.02404773845788033,0.040368136171337526
-39.4,-20654.999999987427,0.022741040515942612,0.040366524259158446
-39.6,-20654.999999987427,0.022741040515942612,0.03581831615596986
-39.6,-20654.999999987194,0.02138459354720823,0.03581703760635939
-39.8,-20654.999999987194,0.02138459354720823,0.03154011889691784
-39.8,-20654.999999987078,0.01999872690894655,0.031539141662490625
-40.0,-20654.999999987078,0.01999872690894655,0.027539396280701258
-40.0,-20654.999999986845,0.018601333770732587,0.02753868956914813
-40.2,-20654.999999986845,0.018601333770732587,0.023818422815001558
-40.2,-20654.99999998673,0.017208016988693675,0.023817957229352954
-40.4,-20654.99999998673,0.017208016988693675,0.02037635383161429
-40.4,-20654.999999986496,0.015832237976213026,0.02037610147516647
-40.6,-20654.999999986496,0.015832237976213026,0.01720965387992382
-40.6,-20654.999999986612,0.014485467321971868,0.017209588440547763
-40.8,-20654.999999986612,0.014485467321971868,0.014312494976153452
-40.8,-20654.999999986845,0.013177335414826019,0.014312591775868772
-41.0,-20654.999999986845,0.013177335414826019,0.01167712469290353
-41.0,-20654.999999986845,0.011915781052702967,0.01167736071851394
-41.2,-20654.999999986845,0.011915781052702967,0.009294204507973313
-41.2,-20654.999999986612,0.010707197636788623,0.00929455842420912
-41.4,-20654.999999986612,0.010707197636788623,0.007153118896851442
-41.4,-20654.999999986263,0.009556575374976783,0.00715357103826339
-41.6,-20654.999999986263,0.009556575374976783,0.0052422559632680065
-41.6,-20654.999999986845,0.00846763883141155,0.005242788311277946
-41.8,-20654.999999986845,0.00846763883141155,0.003549260544995672
-41.8,-20654.999999987078,0.007442978851979309,0.0035498566906976836
-42.0,-20654.999999987078,0.007442978851979309,0.0020612609203018006
-42.0,-20654.999999986263,0.0064841785626782444,0.0020619060219210783
-42.2,-20654.999999986263,0.0064841785626782444,0.000765070309385411
-42.2,-20654.999999986612,0.005591933110084879,0.0007657510317076732
-42.4,-20654.999999986612,0.005591933110084879,-0.0003526355903092787
-42.4,-20654.999999986845,0.004766162061283219,-0.00035193113915288343
-42.6,-20654.999999986845,0.004766162061283219,-0.0013051635514095407
-42.6,-20654.999999986845,0.004006115274944544,-0.0013044458886545818
-42.8,-20654.999999986845,0.004006115274944544,-0.0021056689436434735
-42.8,-20654.999999986845,0.0033104712538259973,-0.0021049472878873765
-43.0,-20654.999999986845,0.0033104712538259973,-0.0027670415386525852
-43.0,-20654.999999986845,0.0026774285642378604,-0.0027663238851019095
-43.2,-20654.999999986845,0.0026774285642378604,-0.003301809597949489
-43.2,-20654.999999986845,0.0021047900170773626,-0.003301102800679273
-43.4,-20654.999999986845,0.0021047900170773626,-0.0037220608040947367
-43.4,-20654.999999986845,0.001590039693053491,-0.0037213706557004678
-43.6,-20654.999999986845,0.001590039693053491,-0.00403937859431117
-43.6,-20654.999999986845,0.0011304132566673508,-0.004038709905213586
-43.8,-20654.999999986845,0.0011304132566673508,-0.004264792556547051
-43.8,-20654.99999998638,0.0007229615541941292,-0.00426414923654625
-44.0,-20654.99999998638,0.0007229615541941292,-0.004408741547385077
-44.0,-20654.99999998638,0.00036460769130020054,-0.0044081266836899224
-44.2,-20654.99999998638,0.00036460769130020054,-0.004481048221949963
-44.2,-20654.99999998638,5.219807177264668e-05,-0.004480464154626787
-44.4,-20654.99999998638,5.219807177264668e-05,-0.004490903768981316
-44.4,-20654.99999998638,-0.0002174524094794017,-0.004490352164993022
-44.6,-20654.99999998638,-0.0002174524094794017,-0.004446861683097141
-44.6,-20654.999999986845,-0.00044752070258977095,-0.00444634360756023
-44.8,-20654.999999986845,-0.00044752070258977095,-0.004356839467042278
-44.8,-20654.99999998731,-0.0006411411447500431,-0.004356355450369935
-45.0,-20654.99999998731,-0.0006411411447500431,-0.004228127221419925
-45.0,-20654.99999998731,-0.000801375771240162,-0.004227677322813608
-45.2,-20654.99999998731,-0.000801375771240162,-0.004067402168565573
-45.2,-20654.999999987078,-0.0009311891322432014,-0.004066986037330848
-45.4,-20654.999999987078,-0.0009311891322432014,-0.003880748210882212
-45.4,-20654.99999998696,-0.0010334273035893585,-0.0038803651423876123
-45.6,-20654.99999998696,-0.0010334273035893585,-0.0036736796816697376
-45.6,-20654.999999986903,-0.0011108006217418337,-0.0036733286703128226
-45.8,-20654.999999986903,-0.0011108006217418337,-0.0034511685459644604
-45.8,-20654.99999998702,-0.0011658699653811846,-0.0034508483343571143
-46.0,-20654.99999998702,-0.0011658699653811846,-0.003217674341280874
-46.0,-20654.999999987194,-0.00120103615101326,-0.0032173834653090524
-46.2,-20654.999999987194,-0.00120103615101326,-0.002977176235106397
-46.2,-20654.999999987253,-0.0012185322015636985,-0.0029769130658398313
-46.4,-20654.999999987253,-0.0012185322015636985,-0.002733206625527097
-46.4,-20654.99999998731,-0.0012204181848993645,-0.0027329694074428555
-46.6,-20654.99999998731,-0.0012204181848993645,-0.002488885770462979
-46.6,-20654.999999987253,-0.0012085783523142386,-0.002488672656311374
-46.8,-20654.999999987253,-0.0012085783523142386,-0.0022469569858485318
-46.8,-20654.999999987136,-0.0011847203254443175,-0.002246766068477103
-47.0,-20654.999999987136,-0.0011847203254443175,-0.0020098220033882364
-47.0,-20654.99999998702,-0.001150376105810192,-0.0020096513445891796
-47.2,-20654.99999998702,-0.001150376105810192,-0.0017795761234271378
-47.2,-20654.999999987136,-0.0011069046942290273,-0.0017794237801020876
-47.4,-20654.999999987136,-0.0011069046942290273,-0.0015580428412562868
-47.4,-20654.99999998702,-0.00105549613799652,-0.0015579068892024855
-47.6,-20654.99999998702,-0.00105549613799652,-0.0013468076616031785
-47.6,-20654.999999986874,-0.0009971768400705225,-0.0013466862169112153
-47.8,-20654.999999986874,-0.0009971768400705225,-0.001147250848897115
-47.8,-20654.999999986816,-0.0009328159707887862,-0.0011471420874095703
-48.0,-20654.999999986816,-0.0009328159707887862,-0.0009605788932518104
-48.0,-20654.99999998696,-0.0008631328822413104,-0.0009604810685464411
-48.2,-20654.99999998696,-0.0008631328822413104,-0.0007878544920981766
-48.2,-20654.999999986903,-0.0007887054197524626,-0.0007877659516898877
-48.4,-20654.999999986903,-0.0007887054197524626,-0.0006300248677393984
-48.4,-20654.999999986845,-0.000709979032621641,-0.000629944068250698
-48.6,-20654.999999986845,-0.000709979032621641,-0.0004879482617263678
-48.6,-20654.99999998686,-0.0006272766532641263,-0.00048787378290331834
-48.8,-20654.99999998686,-0.0006272766532641263,-0.0003624184522504957
-48.8,-20654.999999986772,-0.000540809264160412,-0.00036234901037799066
-49.0,-20654.999999986772,-0.000540809264160412,-0.0002541871575459067
-49.0,-20654.99999998683,-0.0004506871874739443,-0.00025412161835743075
-49.2,-20654.99999998683,-0.0004506871874739443,-0.0001639841808626406
-49.2,-20654.99999998683,-0.00035693203600294793,-0.00016392157184772112
-49.4,-20654.99999998683,-0.00035693203600294793,-9.253516464713305e-05
-49.4,-20654.999999986816,-0.0002594893794529429,-9.247468760559176e-05
-49.6,-20654.999999986816,-0.0002594893794529429,-4.057681171500244e-05
-49.6,-20654.999999986798,-0.0001582421404691045,-4.051785503491733e-05
-49.8,-20654.999999986798,-0.0001582421404691045,-8.869426941097106e-06
-49.8,-20654.999999986794,-5.30247547315954e-05,-8.811578082747532e-06
-50.0,-20654.999999986794,-5.30247547315954e-05,1.7933728635716998e-06